#  T(K)        xx         yy         zz         yz         xz         xy        
   10.0    1253.852   1253.852   1253.852     -0.000     -0.000      0.000
   20.0    2315.363   2315.363   2315.363     -0.000     -0.000      0.000
   30.0    2638.884   2638.884   2638.884     -0.000     -0.000      0.000
   40.0    2121.435   2121.435   2121.435     -0.000     -0.000      0.000
   50.0    1569.032   1569.032   1569.032     -0.000     -0.000      0.000
   60.0    1161.679   1161.679   1161.679     -0.000     -0.000      0.000
   70.0     880.132    880.132    880.132     -0.000     -0.000      0.000
   80.0     685.605    685.605    685.605     -0.000     -0.000      0.000
   90.0     549.088    549.088    549.088     -0.000     -0.000      0.000
  100.0     451.275    451.275    451.275     -0.000     -0.000      0.000
  110.0     379.584    379.584    379.584     -0.000     -0.000      0.000
  120.0     325.813    325.813    325.813     -0.000     -0.000      0.000
  130.0     284.570    284.570    284.570     -0.000     -0.000      0.000
  140.0     252.259    252.259    252.259     -0.000     -0.000      0.000
  150.0     226.446    226.446    226.446     -0.000     -0.000      0.000
  160.0     205.451    205.451    205.451     -0.000     -0.000      0.000
  170.0     188.096    188.096    188.096     -0.000     -0.000      0.000
  180.0     173.537    173.537    173.537     -0.000     -0.000      0.000
  190.0     161.165    161.165    161.165     -0.000     -0.000      0.000
  200.0     150.525    150.525    150.525     -0.000     -0.000      0.000
  210.0     141.279    141.279    141.279     -0.000     -0.000      0.000
  220.0     133.169    133.169    133.169     -0.000     -0.000      0.000
  230.0     125.996    125.996    125.996     -0.000     -0.000      0.000
  240.0     119.602    119.602    119.602     -0.000     -0.000      0.000
  250.0     113.866    113.866    113.866     -0.000     -0.000      0.000
  260.0     108.688    108.688    108.688     -0.000     -0.000      0.000
  270.0     103.988    103.988    103.988     -0.000     -0.000      0.000
  280.0      99.701     99.701     99.701     -0.000     -0.000      0.000
  290.0      95.774     95.774     95.774     -0.000     -0.000      0.000
  300.0      92.160     92.160     92.160     -0.000     -0.000      0.000
  310.0      88.824     88.824     88.824     -0.000     -0.000      0.000
  320.0      85.732     85.732     85.732     -0.000     -0.000      0.000
  330.0      82.859     82.859     82.859     -0.000     -0.000      0.000
  340.0      80.180     80.180     80.180     -0.000     -0.000      0.000
  350.0      77.677     77.677     77.677     -0.000     -0.000      0.000
  360.0      75.332     75.332     75.332     -0.000     -0.000      0.000
  370.0      73.130     73.130     73.130     -0.000     -0.000      0.000
  380.0      71.057     71.057     71.057     -0.000     -0.000      0.000
  390.0      69.103     69.103     69.103     -0.000     -0.000      0.000
  400.0      67.258     67.258     67.258     -0.000     -0.000      0.000
  410.0      65.511     65.511     65.511     -0.000     -0.000      0.000
  420.0      63.856     63.856     63.856     -0.000     -0.000      0.000
  430.0      62.285     62.285     62.285     -0.000     -0.000      0.000
  440.0      60.791     60.791     60.791     -0.000     -0.000      0.000
  450.0      59.369     59.369     59.369     -0.000     -0.000      0.000
  460.0      58.014     58.014     58.014     -0.000     -0.000      0.000
  470.0      56.721     56.721     56.721     -0.000     -0.000      0.000
  480.0      55.486     55.486     55.486     -0.000     -0.000      0.000
  490.0      54.304     54.304     54.304     -0.000     -0.000      0.000
  500.0      53.173     53.173     53.173     -0.000     -0.000      0.000
  510.0      52.089     52.089     52.089     -0.000     -0.000      0.000
  520.0      51.049     51.049     51.049     -0.000     -0.000      0.000
  530.0      50.051     50.051     50.051     -0.000     -0.000      0.000
  540.0      49.092     49.092     49.092     -0.000     -0.000      0.000
  550.0      48.169     48.169     48.169     -0.000     -0.000      0.000
  560.0      47.281     47.281     47.281     -0.000     -0.000      0.000
  570.0      46.426     46.426     46.426     -0.000     -0.000      0.000
  580.0      45.602     45.602     45.602     -0.000     -0.000      0.000
  590.0      44.807     44.807     44.807     -0.000     -0.000      0.000
  600.0      44.039     44.039     44.039     -0.000     -0.000      0.000
  610.0      43.298     43.298     43.298     -0.000     -0.000      0.000
  620.0      42.581     42.581     42.581     -0.000     -0.000      0.000
  630.0      41.888     41.888     41.888     -0.000     -0.000      0.000
  640.0      41.218     41.218     41.218     -0.000     -0.000      0.000
  650.0      40.569     40.569     40.569     -0.000     -0.000      0.000
  660.0      39.941     39.941     39.941     -0.000     -0.000      0.000
  670.0      39.331     39.331     39.331     -0.000     -0.000      0.000
  680.0      38.741     38.741     38.741     -0.000     -0.000      0.000
  690.0      38.168     38.168     38.168     -0.000     -0.000      0.000
  700.0      37.612     37.612     37.612     -0.000     -0.000      0.000
  710.0      37.072     37.072     37.072     -0.000     -0.000      0.000
  720.0      36.547     36.547     36.547     -0.000     -0.000      0.000
  730.0      36.037     36.037     36.037     -0.000     -0.000      0.000
  740.0      35.542     35.542     35.542     -0.000     -0.000      0.000
  750.0      35.060     35.060     35.060     -0.000     -0.000      0.000
  760.0      34.591     34.591     34.591     -0.000     -0.000      0.000
  770.0      34.134     34.134     34.134     -0.000     -0.000      0.000
  780.0      33.690     33.690     33.690     -0.000     -0.000      0.000
  790.0      33.257     33.257     33.257     -0.000     -0.000      0.000
  800.0      32.835     32.835     32.835     -0.000     -0.000      0.000
  810.0      32.423     32.423     32.423     -0.000     -0.000      0.000
  820.0      32.022     32.022     32.022     -0.000     -0.000      0.000
  830.0      31.631     31.631     31.631     -0.000     -0.000      0.000
  840.0      31.249     31.249     31.249     -0.000     -0.000      0.000
  850.0      30.877     30.877     30.877     -0.000     -0.000      0.000
  860.0      30.513     30.513     30.513     -0.000     -0.000      0.000
  870.0      30.158     30.158     30.158     -0.000     -0.000      0.000
  880.0      29.811     29.811     29.811     -0.000     -0.000      0.000
  890.0      29.472     29.472     29.472     -0.000     -0.000      0.000
  900.0      29.141     29.141     29.141     -0.000     -0.000      0.000
  910.0      28.817     28.817     28.817     -0.000     -0.000      0.000
  920.0      28.500     28.500     28.500     -0.000     -0.000      0.000
  930.0      28.190     28.190     28.190     -0.000     -0.000      0.000
  940.0      27.887     27.887     27.887     -0.000     -0.000      0.000
  950.0      27.591     27.591     27.591     -0.000     -0.000      0.000
  960.0      27.300     27.300     27.300     -0.000     -0.000      0.000
  970.0      27.016     27.016     27.016     -0.000     -0.000      0.000
  980.0      26.738     26.738     26.738     -0.000     -0.000      0.000
  990.0      26.465     26.465     26.465     -0.000     -0.000      0.000
 1000.0      26.198     26.198     26.198     -0.000     -0.000      0.000

